457.08438
165.12428
472.53613
138.4301
482.38086
139.01784
481.0787
228.30013
217.21384
280.41974
204.21158
144.64491
203.80435
404.04776
212.85149
490.38602
432.75418
332.25024
433.75726
379.79074
343.193
149.1148
224.0339
200.02718
441.94748
230.13445
244.58853
227.0413
204.90164
441.05832
275.95346
320.21686
329.5329
231.79114
200.06604
205.09097
324.9861
142.19673
375.79276
329.54074
145.12756
216.95435
205.05258
325.366
141.49329
146.19229
422.1328
195.6497
326.74295
285.38208
427.5786
346.70377
166.7996
442.54108
360.55643
350.41528
437.53317
317.51404
140.29227
430.51227
141.56175
207.5119
249.66364
197.98192
425.71368
334.76566
251.64256
431.8891
430.02625
423.2251
273.04453
325.26627
143.74757
473.62842
208.3029
387.0168
164.65395
364.86914
344.56128
201.68097
205.09097
207.09525
211.45105
157.5842
307.1356
420.38434
227.94357
226.23557
195.36928
274.90836
238.19946
279.39725
388.44293
184.87946
282.05072
327.6888
372.06058
226.1997
335.08224
315.24277
910.5916
1283.3291
909.12805
1641.5135
1262.305
628.0994
983.69525
1473.2542
824.15717
1366.3833
769.58496
1560.6792
1525.7792
1641.2694
1617.8737
1493.5084
794.1252
768.52637
1331.7909
768.68024
1684.3208
1700.0814
830.0606
1199.0266
787.16174
1586.8545
831.10425
825.5973
607.8005
815.3113
1472.3772
973.5535
1110.5717
898.9196
1401.1661
798.826
1166.6869
1462.1298
1454.5914
852.01495
699.0832
948.7023
1079.0231
836.9497
930.5029
1398.6034
1635.6692
1524.7948
873.4729
1248.0695
886.5198
1520.5465
1005.9177
1478.2246
1374.7065
639.09174
1231.7389
1180.2817
834.7502
774.86224
1376.7253
597.4623
1138.7606
947.7317
1373.7112
1463.7999
808.3831
766.7461
1654.1348
497.6282
773.02924
898.53564
889.866
1301.3527
1232.3108
1457.3307
1391.7246
781.222
765.2652
700.48895
1462.8562
1412.686
815.42395
1662.0659
925.82477
1130.9154
749.7798
888.1579
871.74896
1478.2246
1573.4447
1272.2697
892.58105
557.5133
415.83652
1237.9803
963.45294
724.408
737.1922
903.6578
1848.7819
1594.2336
1463.7103
955.6334
1550.7285
2034.6387
1055.9203
871.86584
1169.6029
1619.3652
1587.2434
1283.4762
1406.6522
1071.7256
1660.028
1741.6028
1561.7141
1134.9646
1893.6532
1582.7979
1045.42
1387.253
1895.1296
1704.4375
1784.7473
1481.2117
1416.1508
1560.1553
1025.5928
1633.4385
613.35626
1577.8279
1137.7971
1623.5411
1020.69617
1730.5042
1211.503
1623.6715
1606.3417
1610.1846
1209.7188
1572.8739
763.30084
1738.4773
1725.2041
1774.7615
2141.627
1780.4651
1548.0762
1667.826
1303.554
1223.2196
2013.9706
1604.6372
1895.3121
1102.5852
1508.399
853.78424
1579.5206
1295.2195
1507.8396
1626.7808
1857.8694
1312.6453
1604.5531
1797.9828
1630.7666
1157.0422
1507.7812
1880.911
1608.4121
1808.2301
1576.043
1166.63
985.9086
997.7224
1879.6631
1418.2764
1583.4722
912.8445
1961.0068
1174.9335
1507.0336
1987.7081
1528.7532
1926.9584
1848.2921
1059.731
1670.8982
1159.356
2051.098
1868.8007
2041.6997
1937.3014
961.317
1448.0312
881.24615
1823.9435
1653.5927
1708.8824
1507.3384
1039.6967
1351.5111
813.1087
1448.947
837.5762
1073.4896
1485.0892
1380.6542
1498.5465
1084.4951
1277.7944
1162.0228
1314.9717
1299.5817
867.08417
1023.8792
622.0204
1137.7046
1064.5271
1560.6963
862.9239
748.3966
1308.4539
1583.843
1122.6055
1294.7927
1542.2627
1251.7543
981.64056
633.0818
678.32416
656.0208
2014.2332
1322.7888
748.61
733.17786
663.473
953.88983
1018.4974
719.65674
873.3894
1268.5774
1445.6172
1002.8806
1120.5668
1240.5961
648.1664
1084.0704
1217.6857
1739.1201
1017.78284
636.0111
1177.4222
634.284
728.0867
1358.2737
1435.2418
626.0554
735.12964
773.761
1063.6171
1844.9126
1316.5206
662.5345
1704.4183
1443.1523
879.5185
753.1985
1175.4755
1030.4209
1130.4922
1437.9012
1321.3123
1437.8477
1151.1505
1434.7045
621.58154
745.98846
1207.0022
783.1901
995.4553
1343.0109
562.49713
1232.4175
698.6295
1971.8724
526.3635
946.33325
1385.768
653.6708
957.6152
635.80664
1415.2329
1740.095
1090.209
1349.545
765.74994
1140.9869
1673.8322
893.22614
777.6942
819.6922
963.551
821.06134
542.9533
954.7614
887.6725
597.6174
1129.2788
639.11804
1215.4651
758.935
954.97424
709.3432
607.7309
1169.6471
525.1026
1463.9336
541.7662
1090.3326
521.56354
840.634
867.2703
743.9821
864.0849
1354.1151
743.92365
509.21396
1398.2194
514.86597
689.6284
933.677
960.88696
666.71313
1521.4141
931.87494
914.533
802.34894
1132.005
1024.4635
891.53894
604.4036
640.3414
556.9226
1123.1442
629.76416
913.7368
1097.831
700.48505
250.63419
281.53705
242.63495
711.257
1145.5271
594.9331
921.3668
785.03143
456.7349
925.06006
810.6018
791.3246
918.5476
925.8396
1214.2566
551.6817
937.45294
1127.2971
1186.9978
321.8993
797.8369
900.40497
1211.6592
1046.2247
708.5636
767.9907
1158.3788
1127.264
782.67456
336.571
620.6101
698.27515
298.2345
242.7625
706.4465
630.8421
1222.3793
863.59344
757.02325
1111.7986
591.8111
665.2058
291.85272
759.1651
356.01083
316.03934
1166.8516
856.1892
768.8058
787.0871
1037.5612
845.1363
651.00854
308.67612
1127.1495
292.68195
775.0481
634.69604
780.36786
633.54034
933.7095
774.7493
647.22345
475.12567
192.84634
781.5895
755.4496
1250.9023
929.3351
436.81146
1024.8738
767.4469
1256.6683
378.5474
646.1312
603.5316
621.2099
746.41876
754.0782
337.343
670.5197
940.0387
716.228
595.6181
230.50012
962.0612
1040.3007
294.1567
1182.9531
623.58435
971.69403
1134.7505
832.2122
295.01767
581.32166
373.38306
1201.951
1215.6356
330.492
775.0481
1478.1636
1215.6925
1264.9045
1427.0782
1300.3099
463.94626
657.8271
743.1936
886.19366
1452.5718
715.1504
1410.9641
1015.34686
663.3376
1434.3419
695.257
739.1321
613.9939
953.6164
1368.7157
598.3292
610.741
822.0332
1480.5431
1246.7361
703.15314
1450.1245
646.5892
1264.1555
628.272
599.9206
1177.5667
623.18677
607.7309
792.3156
1481.4282
1332.4067
939.6268
1156.7345
1264.6445
1511.872
880.367
1051.851
1504.4878
742.1424
1336.3429
1197.8503
1263.3892
795.7087
839.6927
1463.341
730.4183
1604.5519
1398.1658
602.30066
1449.4316
803.5892
592.13165
748.06274
1481.4282
875.78546
924.4105
1247.342
1568.1079
1438.7
758.9228
1148.6892
883.0734
1458.2374
676.4653
1509.3962
483.7778
1324.2391
534.73346
850.0388
1239.8208
1254.5046
745.9239
1480.5431
1057.4354
851.4482
674.5453
679.0129
1472.0808
928.9679
699.13025
1485.0637
1396.3442
803.27655
1484.5496
522.763
899.06604
684.4417
1008.88324
999.48914
1140.1277
633.67487
1296.782
1430.0585
757.6911
1875.7361
1975.5221
2026.4098
1985.0419
1885.8536
2016.2914
2033.2881
1958.689
2060.7153
1988.272
1971.9236
1939.0806
1746.1263
1971.8507
1841.5557
1919.5936
1782.1932
1887.3726
1823.7899
1830.3121
1807.5034
1765.3633
2062.4966
1944.031
2117.5151
1838.5367
1858.1251
2105.9065
1745.6975
2077.1416
1771.9863
1742.5906
1897.0642
1926.6083
2163.0024
1729.9629
1808.4674
1903.4707
1948.9069
1810.0894
1822.901
1982.6812
1935.8859
1773.126
1791.9839
1850.1873
1917.7173
1729.9629
2191.5989
2218.6062
1900.8322
1926.0571
1889.079
1957.7385
1959.015
1847.4182
1966.1027
2122.194
1932.5525
1887.0916
1819.0631
1904.5535
1859.3746
1924.3243
1956.4452
1832.7644
1940.4784
1870.8551
1996.9253
1798.2183
2140.151
1885.0509
1895.3339
1982.9294
1860.4307
2133.557
1902.9799
2065.9836
2010.87
1957.3401
1979.3604
1860.4669
1810.7693
1942.3529
2027.9385
1906.6023
1859.3317
1767.2502
1975.01
2090.614
1802.6924
1881.2847
2152.1545
1838.7526
2011.1208
1765.2396
1840.3135
2117.5583
1758.0879
1847.1301
1331.5345
1203.9161
909.8929
1808.3817
1523.4092
809.69714
1181.6924
1323.751
570.3698
1179.5002
2221.2664
1529.1821
1789.1426
1642.008
1510.4916
1967.5753
1721.3989
1818.6321
1817.8315
1478.2913
1385.7268
2254.9512
1799.8796
1849.1826
1343.8854
1432.5521
1616.3063
826.4212
1986.1107
1469.3291
1677.2555
1575.4855
1769.6609
771.0092
1473.0052
2050.628
629.85504
1858.1273
1654.3138
390.53583
1869.7356
2005.628
1125.245
641.7245
1223.4285
1732.315
1898.6062
747.2497
1599.9154
1445.4535
1532.295
1473.5757
1203.1456
2147.6729
1580.1771
1071.6881
1531.3547
1940.9674
1248.4031
1865.5948
1362.418
1028.747
855.85516
154.00168
1333.2985
947.9772
1141.5405
1916.889
1328.9899
816.90344
1538.8728
1384.2819
1404.231
540.5281
1545.3884
1603.8074
1371.4774
1721.5391
641.42084
1597.6665
1221.1263
904.4381
1478.9028
1852.2133
598.262
1525.3519
1480.2223
1735.7128
989.8603
1772.9531
2199.6824
948.8483
1304.8182
1351.9708
1458.6536
1720.4103
1848.358
1209.0204
1093.5024
1235.0375
1278.1796
1854.2295
1535.4137
1766.2648
1881.4843
1771.8882
1865.9888
1823.3218
1323.6698
1691.9712
1320.3862
1030.9496
1181.2241
1467.8274
1440.1971
1309.7788
1387.8987
1418.1688
1293.3944
1589.2677
922.1286
1623.1714
1765.7876
1238.2852
1262.061
2202.1523
1203.7235
1723.7487
1391.6952
1889.4023
536.6056
1406.397
1375.1667
1111.4419
646.0131
1444.4236
1163.2987
1201.6028
1755.9829
1226.9971
908.7389
1387.8137
806.3092
1891.1417
1049.1865
1967.3583
1881.9298
1109.3129
878.82776
1753.7656
1683.1776
1546.1088
1847.0547
2199.833
1498.5374
794.6518
1654.7566
732.9084
1274.0275
1905.8116
1868.3318
832.5028
633.3255
1400.5583
1605.9436
1156.3397
803.97015
1716.601
1541.5758
2032.6396
1917.4377
1871.2006
968.4008
1781.831
870.60425
1428.9348
1732.0997
1913.2969
1658.859
1725.9312
1013.7343
1811.916
1817.6611
1525.7957
1630.3112
1401.7297
517.49414
1001.94244
749.9966
1378.5787
1973.2346
1954.0815
1309.9827
1470.8606
1174.9717
1383.5094
1691.8185
1804.435
1395.4089
1598.29
1494.179
1370.9775
1874.5757
1528.7708
1088.9445
1650.9951
1367.7871
1527.0662
1625.6006
1963.0359
1427.6952
1640.4586
1781.5254
1492.3188
1623.8789
2173.7585
1871.4069
2075.1675
1533.1631
1005.5128
1161.9642
2052.6365
1945.4664
1817.0779
1411.5134
1623.3352
849.1641
479.54163
1411.1459
1522.5159
1173.44
1004.0984
1201.926
1843.506
1957.2263
1627.8947
1789.2598
1972.2186
2033.6063
1669.7452
1535.1971
1614.0275
1886.1631
1472.6951
1999.0441
1411.048
1348.9911
1808.7173
1758.8569
1852.1946
572.91455
732.2336
1919.9076
1545.6255
1768.6644
2118.909
1626.2972
1893.0416
1618.4375
1984.8966
1198.2356
1739.6066
832.56836
1475.7885
1645.6649
1667.4005
1097.6257
1496.43
901.7013
1905.1185
1615.6372
768.814
1584.6896
1767.5785
812.40326
1248.943
1609.6743
1798.5792
1877.0847
953.6218
1075.8832
898.1437
936.7201
1514.0529
1404.9565
782.4953
1784.8235
1094.1799
1062.9978
1823.781
1522.0869
1059.47
1736.6879
1260.7795
1061.9791
1531.3138
599.9969
1301.3235
1175.4679
1652.1431
713.31573
1292.3196
1039.0038
1924.6603
1457.8878
1496.3519
1856.0817
1704.9705
917.8563
1932.1582
1705.9296
1048.0442
1172.2546
1644.6311
1585.7339
1172.3198
1751.9719
1808.1852
1677.9734
1593.1957
1444.4236
1774.7113
711.39856
1299.4323
1255.3306
1615.5325
1131.588
1574.3298
1850.1337
924.08514
1490.5107
1220.5265
1830.244
1652.774
1351.0599
589.81067
1121.3148
1911.5627
1682.0118
848.2074
1808.357
1433.5266
1248.4982
1891.3676
1535.214
1428.7899
665.8472
997.8872
1832.327
1588.5474
939.69073
930.1855
1855.4702
1116.3308
1315.8365
1679.0083
1703.1544
1515.4004
830.1538
1768.5485
1481.5474
1790.934
1846.8671
1447.8137
1477.6648
1621.8959
1850.9238
824.37384
1704.6783
1666.0255
1535.1914
1424.3417
1761.8011
914.3268
1670.3776
1444.7863
1896.901
1971.0144
1637.6511
1629.7312
1476.279
1805.1239
1687.6609
999.1438
1017.49835
1279.5936
1230.6404
1496.9098
1810.9772
2120.5803
1487.1772
1261.1637
1253.9573
1218.2467
1501.3964
1235.7454
2023.4867
1705.0789
1727.7853
1253.2089
1681.7614
1602.8055
290.1301
2043.2439
1380.6616
1626.0087
1604.8494
1855.9591
1886.877
907.4213
637.5276
1170.9955
697.67474
1841.5645
1779.2164
1864.6058
448.08307
1374.3402
1724.025
1503.8748
1572.8187
1417.323
1178.5857
1747.1855
976.42786
1703.9692
1680.6412
1488.0969
1929.1278
1672.1292
791.192
1591.4844
617.8769
1563.5857
1769.7423
1814.945
905.79736
1472.4443
1161.7693
952.787
1631.6731
829.1037
1658.3909
1674.5697
1687.6254
1952.3898
1829.2561
1512.1631
1188.0323
1168.998
1679.1528
1268.8328
1566.5706
1392.1644
718.5976
1092.0947
1351.4701
1047.9878
1778.2059
1354.2716
2009.6318
505.63068
1716.5415
1518.0974
1837.5096
1646.714
377.81494
784.5114
1753.5098
621.69403
1060.0349
1534.6794
1482.7897
1710.9298
1346.4088
1747.0067
1378.0684
1759.1873
784.61755
1485.931
1545.2426
1134.6812
1484.975
1643.7915
1658.6787
457.27917
1169.3799
784.9974
1485.1759
1559.5768
1066.0306
1167.0511
878.52936
1040.578
1114.1953
1574.325
1892.0361
1881.8488
1974.7476
1386.6632
1940.2341
1789.5505
982.7864
1249.6444
756.8802
1072.9016
1507.3822
1183.2129
1831.9366
1764.4247
1516.4497
826.1241
1627.3416
1234.579
1671.7228
1787.1168
1971.9526
1266.3226
1747.1769
906.98376
1559.6152
1327.9197
1107.1624
1684.7206
1339.7552
1639.9049
1786.7506
904.57245
1140.2878
1569.5891
713.98096
1606.0836
1382.657
919.6295
2003.9233
1498.404
2255.529
1223.8612
541.517
1158.7532
1561.543
1854.6781
1782.7026
1709.7365
1317.7485
1457.8295
1600.5115
1659.6814
1404.5741
1434.6722
1957.1835
1385.008
1599.4885
1388.2661
1562.9756
1838.5781
1784.937
1760.3156
1290.1055
1137.8314
1150.6896
1450.367
1578.9266
1046.9918
1868.7429
1544.8652
790.9297
1433.5084
1947.8972
1594.2183
1205.9386
935.0092
1597.6841
1230.1211
818.8262
1371.1401
964.2703
1404.9153
1269.8706
1309.3218
1628.8981
947.8761
1306.6392
1187.7517
1166.7765
1520.9548
1644.5969
763.1372
1684.2217
1136.9169
447.5016
1357.0962
962.3715
1440.7358
1083.046
1684.5747
1182.5927
1376.4656
1083.6885
1734.8209
1083.7604
1583.7106
1219.7291
1657.1937
1902.7115
2175.213
1658.7886
1306.7664
619.0382
1830.9303
1586.4641
1502.8824
1430.8326
1649.2408
1853.2714
1550.2037
1489.7722
1479.0055
1115.5769
2086.8328
1812.6857
1896.1138
1141.916
1340.8456
1606.8932
1634.9418
1431.1858
772.5538
1855.5885
1474.2421
1799.6931
1395.5411
875.50214
1755.4541
1816.2318
1405.3354
1975.0114
1533.6205
1546.1941
771.1864
1500.9207
2130.6309
1352.4711
1567.1842
1929.5249
1697.4865
1490.9204
1858.0375
1484.2644
1519.3658
1522.039
1534.9446
1592.8099
2119.9758
912.1666
758.4001
1913.037
1548.8181
1273.446
372.30212
1347.5281
814.0223
930.32935
1863.7155
971.65784
1537.2761
1713.4418
1773.8712
1388.1626
1883.3156
1401.0128
1152.2716
1360.9873
1968.5249
1558.1196
1670.5834
1587.6781
1376.1692
1093.5283
1600.4435
1504.3511
1211.9653
1433.0961
1714.421
1604.4171
1139.365
1701.7803
1456.0282
1634.2367
1809.6237
911.8958
1899.7916
1480.2501
1785.4146
1080.0757
1957.5034
1630.7131
1987.904
1318.4944
1036.4164
1976.0837
1807.5151
1519.3193
946.251
1423.1876
1813.042
1506.3613
1613.875
1320.7809
385.73752
1634.2318
896.0864
740.19226
1307.0485
2318.62
1079.3801
1320.1354
1675.5526
1039.142
664.7834
1275.9893
1506.1688
1399.3707
1555.3497
936.95154
1117.1925
1166.1792
1520.816
1467.336
1439.4464
1824.6204
1651.1945
1196.4545
889.5845
1448.4777
1791.1959
1515.6709
1461.2345
1491.8147
701.3836
1463.9415
1071.9387
771.1784
1334.2682
1614.4307
1600.6511
1801.1248
1162.7301
1742.9921
848.5815
1614.9077
1856.4319
1149.3063
1994.439
1174.6211
1839.8496
773.7
585.1279
1483.9152
1078.0249
1812.6763
1259.2897
1828.298
1441.1625
1433.6489
1596.4553
1209.2458
881.90625
1819.4009
1734.7656
555.1938
1228.4066
843.0054
1136.4093
903.4173
1474.0801
1464.751
1558.7045
2121.4988
597.6652
807.9116
636.05896
1420.581
1129.2622
1531.9369
979.6472
2167.1663
1591.1415
250.97046
1533.8674
850.6531
624.7431
1176.4246
1457.8488
801.53546
1786.7506
1804.0355
1767.0381
812.99243
358.4257
1498.2084
1164.6848
1467.7506
1543.1527
1222.3951
1623.3954
443.05734
570.68414
1676.2589
1762.3579
732.7546
980.06366
1085.561
1414.4158
1446.3546
1399.5758
1779.9751
536.6151
1322.2098
853.85706
1379.8374
1665.8638
1788.1458
1664.1699
1473.9894
1912.3282
1406.672
1966.3739
1224.4073
1607.6561
873.59973
1507.852
1284.9589
798.3308
1596.5315
1674.2256
1550.8795
1645.7455
1382.0122
1665.1677
1472.6144
1167.549
1330.9929
1291.8005
802.7365
1741.1791
1608.7333
1452.9016
1404.9235
2028.5316
1849.8241
1680.6205
430.1279
1142.233
1280.4414
2056.0757
1549.0677
1090.0259
1504.9036
974.77356
1907.6582
1681.1405
2182.1123
1656.0134
1512.275
1096.5992
2101.5728
1747.0353
533.91364
1218.9866
900.6208
1367.9818
1567.3732
1567.0769
1454.993
1767.7117
1498.4846
1862.7726
1229.0875
1123.4469
1480.8616
1578.989
758.73346
1524.0167
1526.5298
1013.07806
646.1714
887.19147
1392.9623
1226.0778
1500.7793
982.2316
1817.7812
1742.2198
686.6956
1512.6633
1468.373
1372.7001
1234.3126
1340.5186
1779.2164
1512.057
1751.7195
2204.3882
1948.0574
1616.7526
1415.0166
1136.789
1483.8322
1549.9518
1776.6174
1638.3064
601.65845
1837.3875
1914.0305
1918.6393
1764.0859
1300.3569
1405.7974
1160.9218
1242.3871
1780.0328
777.4055
317.3883
908.42145
517.81464
1349.1307
1066.4554
870.4067
682.38995
984.7406
1589.6735
1428.8834
618.18616
1167.3007
1988.0206
906.33466
1700.2391
1854.7676
1524.1621
1663.9277
389.2544
1467.8535
1469.3462
954.30835
1314.7223
1235.2465
1194.2876
1966.0511
1358.2181
1544.3069
684.4767
2277.352
1247.7128
1933.9647
1256.342
1424.3533
1368.3807
1641.4976
632.3356
1421.7166
374.73813
1308.0673
1626.179
1887.2964
404.8171
1780.0046
708.67896
1088.8848
1005.5128
1175.559
1709.4904
1389.1589
1508.5577
1599.7092
891.9929
652.84955
1174.7086
1958.4543
1845.4475
1208.7356
2077.7668
1839.933
1674.7059
993.21277
1562.3809
1464.9885
760.3521
1621.157
1151.2745
1776.187
1319.6676
1467.9386
1678.6632
1476.0585
1375.7267
1703.6494
1795.912
1629.2374
1483.2725
1292.5078
1556.0332
1769.5364
1170.6038
1679.5541
1133.8623
841.44464
1665.068
1559.3422
1934.569
1010.6211
1171.7883
1196.376
1069.7021
1834.6027
1270.4987
1990.8938
623.9371
1362.6205
1527.413
1295.8849
1505.449
1781.5449
1948.5852
1529.1433
824.5538
1312.9995
1699.4495
2068.711
519.9126
1925.0588
754.7831
1082.4137
1783.9686
972.14954
1433.9258
599.50366
1882.585
1527.7762
1960.6584
1935.5677
1281.2537
1622.331
1523.2706
1862.8573
1645.2178
1507.5867
984.5888
880.86505
1555.4845
821.45776
1734.0164
1431.6799
1376.9277
2261.779
1595.8451
1582.8591
1585.783
1155.0402
1778.2354
1751.7015
1898.853
599.03546
990.6794
1062.0321
1490.9177
1835.8876
1685.9911
1520.3356
1830.7242
1574.2357
1394.4857
1653.2623
1769.7305
1533.5763
2003.9248
988.82825
1437.6399
1025.2988
1665.0842
1721.0219
1728.8148
654.8301
1418.94
804.1346
1239.7407
1178.3927
1232.1992
480.65244
1432.4298
1424.3301
1646.4146
1199.5532
747.0002
1150.3094
1641.535
616.3733
700.84814
1511.509
1726.299
1214.5138
1758.5925
1567.9868
1758.8801
1633.2087
1585.6754
1665.9536
1348.4147
1770.8574
1576.3599
1310.8268
769.6488
1083.7604
1091.2518
1459.4532
604.519
1512.0027
1847.8694
1702.867
1386.8335
1502.481
952.7245
1723.0387
2075.3982
1534.6421
1125.5435
1783.8206
1249.0898
1366.4363
1541.891
1553.8723
1003.5035
1203.7365
1886.4111
1750.2532
1912.132
964.5943
1643.372
1822.8612
1507.2745
1966.3057
1675.479
1567.2386
1726.7549
1427.5643
1833.5366
1400.8971
1624.7855
1348.4102
1491.7456
1522.3295
1472.7775
896.5838
669.92365
1744.2559
1619.6005
1258.24
1062.582
1119.6045
1446.3337
1318.009
623.79614
786.65546
1559.7236
1684.3438
1612.1091
1541.152
2017.965
1915.4674
2060.2793
1217.1619
1549.5088
1008.9325
1242.7297
927.3284
1832.8557
627.6232
1728.2397
1060.0991
1726.6487
1866.9095
1408.169
1608.992
1054.9606
1502.582
1747.0853
474.94382
1443.8845
1279.6758
1480.5854
1384.7488
1456.6605
779.77655
1431.4996
1526.592
197.53798
726.8867
1910.1672
1572.3706
893.9726
1129.1147
1836.3519
655.20404
661.08417
1912.0543
1722.8529
1734.0145
1885.1831
1889.8737
1308.2632
1503.8356
1263.8451
1825.0013
1641.4467
1606.1627
1590.6705
1934.2812
577.2548
1799.1075
1227.7653
1530.0599
1537.5719
833.2639
1288.3054
1543.4772
1522.4146
789.31396
1404.7334
1883.2583
1439.5736
895.10706
1523.2416
1331.6273
1595.8801
1873.9106
1823.0273
596.9632
210.3494
792.479
1630.9841
1800.3616
1840.1985
1562.112
1530.6388
1813.4276
1736.8602
1702.4614
612.9099
1829.0563
1847.7998
1591.9093
1769.494
1922.7526
1443.8184
1974.9733
1484.4033
1259.3568
1470.3597
921.30597
1639.118
1526.0411
1788.5739
1213.4204
1395.2909
178.57733
1895.2588
1412.8556
1415.6266
538.0649
884.3571
1869.2056
1552.4434
1723.8014
988.82825
1809.2638
1414.8424
944.06464
1789.2417
1248.2628
865.43726
708.7681
1249.0837
1841.4537
1836.2994
1408.296
610.15173
1244.281
1175.9453
1096.1844
1736.6769
1301.6199
1474.9733
1346.4229
1504.2628
1537.3342
1823.338
811.86017
1400.8234
1795.9045
1634.1852
427.8086
1908.223
1448.6259
2273.344
1810.443
766.8379
1168.8729
557.95276
1652.0657
1766.1451
762.1772
1077.1377
1682.1583
605.4614
1130.2056
863.6818
1776.6617
1520.8381
2229.8733
963.8512
1267.9672
1228.2568
1634.2351
1921.2177
620.8057
1900.6788
1339.0762
1471.7391
756.49274
1624.2693
1527.0662
1917.5521
1829.5752
698.0542
1642.5211
1265.7738
1856.4319
1442.3438
1610.8048
1729.3317
788.42706
1206.2776
1002.654
981.9036
1469.0233
1515.9032
1742.2002
1461.6262
1395.4786
1553.981
1277.9514
1415.0588
1322.3319
2050.1792
1084.8862
1874.5905
1563.175
1704.9932
1494.449
1100.667
1495.4313
1970.3132
1603.2286
831.5774
1551.9434
1500.8018
2026.5593
1659.8787
1754.9147
1847.9778
1420.0703
1483.3037
1654.8245
1791.036
1093.4026
1609.509
804.6858
1784.7281
1836.7712
436.176
1662.8514
1882.0667
1873.7031
1512.3251
1411.0381
780.8617
1196.7948
1824.5916
1165.043
1737.3943
1291.8005
848.76166
1518.3168
1540.228
1417.9982
1736.4434
1181.4695
395.57837
918.7693
1775.4258
2038.3883
1830.4357
1647.134
2009.6217
1252.9445
1544.1365
1776.5227
1575.5612
1350.878
1481.8215
1479.0918
1622.2155
1010.3172
1506.2445
1503.4893
1201.0002
981.8151
686.3416
1818.1394
1328.6578
1374.643
859.27637
1161.5758
1476.52
1562.1328
1081.4565
1326.1515
1722.7845
787.34265
1917.3402
989.43353
748.54224
1723.6254
1029.2711
1704.944
1915.5067
1067.5607
1723.1403
1778.5564
1928.1453
715.0593
366.13593
887.5079
1510.0846
1817.6709
596.5796
1791.5789
1814.313
1293.3602
1612.784
810.5435
711.777
1725.7566
815.8022
165.82257
1366.4854
1910.8542
1785.7114
1620.1958
1909.6831
1655.1893
1988.012
1649.2849
1333.0897
1286.4502
1746.4376
1006.5862
1483.6904
1509.2983
1820.2529
1186.8472
1651.8164
1188.0725
1586.9087
1570.9584
1318.7725
1437.7883
689.25995
1803.0298
1016.5908
1798.2184
2121.936
766.655
1826.7406
163.07518
1983.4305
1383.2937
1692.9929
1752.7382
1060.7306
1886.743
1998.3717
1628.6995
1624.9664
634.5166
1506.1484
1700.656
1409.4497
1432.9976
1796.8485
1130.8333
1963.1809
1580.8492
1335.3151
240.7324
1896.5383
351.9295
240.92699
1243.0387
896.4181
1815.2565
1796.0621
1467.9165
1769.8239
1578.7468
1448.1035
1563.1327
1107.9814
792.2354
1732.8102
1260.2352
1592.9277
1364.837
1508.3552
1772.4994
1607.1537
1493.7202
699.84503
1479.755
1412.0278
1893.0337
1084.185
698.7656
1044.1307
1192.6924
1331.5303
1070.0394
1576.6945
1469.4528
1743.2797
787.2672
1770.7327
850.58234
1967.2075
1948.5337
1471.8647
1226.4414
1474.91
846.964
1784.7861
1299.5586
857.7482
1598.428
1025.4247
845.3131
485.8427
984.64014
545.44495
1877.8721
1854.8783
1659.2312
1340.0156
1130.0734
469.35175
1536.9155
1761.9171
1171.1655
366.67218
1590.4008
1640.5648
566.4754
1371.9852
684.07477
1025.3147
1128.0955
1967.1367
905.42163
292.4166
1320.5902
1913.2604
1403.987
1854.416
1878.2793
1098.8584
1627.3066
1896.7844
1287.8566
920.8643
1046.9258
1730.737
1366.3295
1622.2887
992.65436
1460.4764
2168.5808
1640.7684
1237.1753
1899.1893
1958.08
1359.0305
1730.9988
1579.9064
1060.2328
1911.7756
1333.992
1294.6218
1528.7631
1745.6177
1490.1984
503.00092
1517.83
792.7536
1090.7917
182.2426
1729.5035
1850.894
1726.3921
1223.913
1289.538
1706.4886
1901.393
1603.8695
1272.2427
1439.1398
614.82196
1831.1079
1857.954
1044.6543
1778.4603
1291.9542
1725.4761
1791.5518
1638.8369
664.5829
1010.2542
1534.3188
1846.359
1509.7172
1221.6268
1572.8308
1418.3245
1213.1149
1798.9325
1559.7798
1818.0525
1548.7799
866.5346
1802.0963
1463.3124
1648.2286
996.2125
1555.8871
1158.6239
934.86414
1480.7338
1680.4873
1544.8291
1464.3416
1988.6559
1179.8203
783.92694
930.75366
1787.7152
1634.3378
1606.6626
1391.5084
1279.068
1320.2288
730.8381
1997.7969
777.6594
1955.6278
1128.9393
1544.2281
594.3936
1276.8282
1210.5492
1047.5101
378.49875
1709.4904
1745.349
573.57623
1182.6542
2066.6423
1865.981
1150.6664
1788.7092
1466.9062
1588.562
1644.9299
1535.3213
2129.252
1000.6714
655.9616
1960.5435
1678.9362
1486.0181
1808.7866
2126.5059
1488.0684
1675.9044
1593.8582
1411.8989
1171.1149
1199.3236
1223.7974
1669.7073
1515.6549
2010.0475
1491.0492
1592.1351
1575.8873
1632.0309
1298.6025
1803.4008
1080.6086
1408.3284
1195.162
1670.0579
1973.6766
590.6241
1136.64
1414.5969
1967.6038
1779.2386
1105.3429
1982.1863
1618.9945
1673.2985
1774.7778
914.49316
873.29504
1812.874
371.57727
1846.3124
1960.537
1933.0955
1734.8209
1443.5504
1519.0006
1489.6406
1832.5468
290.92233
1659.9711
1122.0057
1217.3014
1956.769
1297.9371
1155.0532
1469.117
1604.5797
1625.5397
1495.9366
1546.4188
1410.0797
1875.3546
843.44183
1314.5735
1134.429
1214.7428
698.2793
687.9115
978.2384
1597.3962
579.70135
1498.4763
875.5688
1523.2103
1873.0673
1931.1979
1522.6853
1960.1556
1493.1587
1365.6892
1642.551
1849.4122
1220.6152
539.1466
1224.7736
1765.817
1610.874
1946.2468
1919.3943
680.4949
371.76785
1773.6003
1107.9952
1823.4305
848.61005
1843.3624
1160.4114
1583.2197
1202.9216
1212.8151
1372.737
1456.6798
1883.4547
1249.0858
1930.4713
1549.1274
1422.6189
1672.4437
1695.1626
1880.2068
1751.0713
1583.3417
828.9566
2091.8237
1057.4978
817.9183
1603.0018
1283.3812
1629.6355
859.0868
1294.1669
1291.0098
1682.4147
1609.0381
2012.9784
1188.3423
1399.7092
1571.4122
513.691
1680.1067
1496.4885
1819.0317
1857.1157
596.9087
605.80634
1655.1617
1908.2803
1041.0969
1796.6725
817.41974
1167.7302
1404.7367
731.6109
2129.6475
1435.22
1083.0531
1836.8002
1870.2504
1459.2314
1025.6313
960.45935
1470.4539
1590.8995
1764.0334
1506.1078
1688.6581
1599.482
1245.9609
1868.5939
1680.9078
1309.6746
1890.917
334.2346
1736.9144
1424.1582
1729.9076
630.8972
663.60065
1916.0317
1646.3959
1282.9513
977.73157
1573.2726
1921.0676
1710.404
1340.4832
1645.5172
1627.5647
1194.7194
1698.8102
1622.5715
1495.2966
1177.3096
1296.984
915.03687
1809.5712
2039.7981
1569.087
1940.5608
2093.7976
1836.2797
1501.8309
1647.307
673.8105
898.4347
1489.1686
786.92175
1509.0349
1461.7511
1895.7195
1154.5516
1794.3257
1650.5359
1587.8468
1642.6085
1529.795
1835.1718
591.0513
940.6732
691.9544
1417.8042
745.62616
1900.7908
1586.3547
2123.5386
1626.6298
1343.4766
1070.936
490.0079
948.2915
1662.9742
1457.1587
1639.5004
1024.4962
939.73676
1377.62
1331.8373
1490.4762
865.7716
987.77576
1551.1215
1538.9523
2047.0181
901.98334
1264.5688
492.06836
868.1975
1767.0381
1351.5157
1799.6626
1523.9023
1569.7059
1256.6963
1834.814
1826.5924
1084.2903
1929.9214
1520.4532
1569.991
1028.5577
1505.7506
1735.1428
361.60303
1890.084
1876.5974
1151.9552
1515.8168
999.4602
1768.3575
1222.794
1473.8019
1516.983
1467.5245
688.52783
1592.9823
1621.1719
1632.902
991.6958
1078.1802
1869.103
795.65125
1787.6311
1932.6487
845.063
1386.796
1865.3539
1363.6201
795.0468
1826.995
1192.2124
1269.3971
1331.3171
1772.6405
1009.1914
1378.8507
1983.9875
1556.1848
1245.2161
1657.6372
1598.023
1371.1388
888.1009
1502.0962
1203.1002
793.7282
1208.4144
1473.6395
393.0624
1653.0933
529.20435
1526.3448
1263.1539
1704.6836
1656.5198
1633.0897
1439.9838
1527.6245
404.01227
918.2305
1482.49
1890.3766
1190.5914
1637.7139
1930.6388
1629.6763
1483.3092
1489.7666
1180.2418
1578.9099
535.42163
2259.9932
1466.3125
998.2352
768.2146
628.7609
1829.4088
1440.3833
1454.1749
1949.4414
1751.5063
1301.9718
1640.5802
1519.3048
984.9919
1870.083
1636.1718
1601.7822
1454.0135
1533.7527
1936.9614
1529.7513
1740.6677
1056.8658
895.86084
1711.0804
1818.2662
1433.6532
1077.6593
2001.4827
1459.7671
1800.3872
1562.6511
1573.9968
1490.8285
1148.4547
1396.331
1344.4854
1933.4829
1210.4398
1772.7167
1593.4753
1539.1337
2218.498
1339.3605
1413.7385
1522.9684
1551.1033
1494.5063
889.3497
1053.087
1624.9055
1500.3351
1824.1304
1585.8977
1097.9741
849.77466
1186.9355
1016.7148
1839.933
1473.7126
1300.2206
1825.4971
1439.4642
1774.7605
2118.6475
1885.3977
1607.8077
1592.7612
1665.15
1220.7397
548.994
1687.9369
2058.9473
1812.6484
1879.143
2257.501
1757.2904
1851.6752
1290.8221
1029.0146
1287.6461
1728.1877
1608.4448
1609.8326
1229.4186
1659.4036
1714.5282
942.7223
1793.2697
1406.672
1973.6847
2112.8113
1294.3225
888.89655
1591.0554
1833.7292
1611.583
1630.4791
873.18384
1924.8025
1861.2513
1874.1334
1187.0305
1536.325
1988.1605
376.25266
674.68207
1428.0697
835.7462
1352.9387
1206.4548
1817.0964
1105.6741
1221.0493
1203.2261
1150.6729
1713.2955
1686.1832
1353.774
1198.3048
1680.8676
1522.925
1551.3754
917.7855
1988.9719
1453.4004
1491.2568
1335.4594
1510.5282
1653.7498
1303.5808
1036.8505
391.77872
841.766
1541.38
914.64856
1446.7734
1599.8848
1605.89
2153.1506
1847.5813
1741.2009
1551.3167
1709.6805
1406.6669
1904.2058
1505.3363
1594.4038
1844.6013
1999.6749
1543.0348
1764.609
1553.4934
1551.4775
1843.7683
1029.6722
1085.9373
2028.4701
2092.1736
1529.5148
966.11926
1678.9766
1985.4678
1519.6793
1646.1044
1580.476
2026.3625
1016.5762
1743.5166
773.2124
1302.7979
1597.7781
732.1221
1368.7084
1639.425
1907.8156
1765.5481
1766.5942
1225.1877
1153.7295
1285.5603
1945.8777
1847.2509
1512.3313
1730.3586
1374.7047
852.8441
1641.9099
1217.4784
1589.6058
1190.876
1519.3541
1864.113
1926.3773
1981.0955
1499.5753
972.4628
1784.983
1202.8792
1638.8422
1377.8993
1705.4362
1327.0404
1010.0802
1211.3396
1733.8444
1505.3768
1594.9095
1110.0363
1710.8005
1633.363
1799.9376
2003.058
1718.8431
361.61972
1381.9685
1173.64
1386.2866
2177.395
771.7676
1607.1161
1787.533
1224.3289
1314.2163
1830.6034
1754.931
1576.9814
1657.9497
555.105
903.6635
1176.5353
1566.7699
1417.381
1592.7543
1584.7291
1483.275
1487.2728
1540.2466
858.12366
1652.3207
1844.5917
1884.9144
1901.5667
1824.7518
1522.6864
933.2483
852.7823
1533.9054
1021.06506
1476.1002
1483.1965
1579.8866
954.2108
1771.6156
1959.5238
875.5453
1718.9463
976.9486
855.1203
1710.0791
1312.9995
1760.2379
1889.974
1591.1348
907.1674
1442.0153
914.3124
1386.916
1598.0795
1070.2551
1617.1626
1542.2133
985.8781
912.7478
1484.3077
1031.181
1809.2367
1270.0347
1310.4084
1599.5742
1484.06
797.152
1208.8066
1524.4849
816.8488
620.2332
603.6167
339.171
1374.6761
1758.1117
692.57697
1589.8344
1626.819
1585.1567
1550.6213
1688.6766
1900.3824
814.39026
1427.6453
2178.8528
1604.2915
1813.8876
1335.0812
1274.1705
1611.8248
1343.3605
1254.9353
1098.9186
1615.6587
1690.1306
1494.3434
1180.8967
1675.0895
687.832
955.9555
952.54675
1658.2491
998.7642
1448.282
823.63367
910.5661
1440.0332
1098.8777
844.41724
374.30707
1837.6682
999.3413
882.4016
1900.4961
769.22986
1976.4827
1313.3202
1594.6974
1866.4087
1450.8429
811.9913
1845.6782
1974.2892
1838.2325
616.0662
951.0506
871.2743
1645.9824
617.252
1569.5815
1739.8198
1508.784
1845.2158
1066.2684
1068.0891
1692.3845
1534.5757
1931.3948
1904.6042
1472.6469
1675.4598
1766.0201
697.07916
1568.847
1073.2792
1752.2428
960.01495
301.0638
885.3293
803.3193
1747.9474
1862.9556
939.9588
1426.6897
1305.5718
817.5624
1400.1876
1598.8674
1478.6969
1604.6018
1832.9463
881.1929
1582.2117
935.7431
1801.9744
1172.8063
1249.8732
918.3673
1939.8651
1376.2006
1345.0634
1915.4937
1638.5228
1232.1812
1792.2445
1571.6157
1504.3123
1978.0186
1758.0908
1169.045
1513.8955
1379.3898
1640.3021
1231.832
1702.5382
1115.7699
1615.4717
1627.5859
1768.0575
1850.5134
2239.3242
2031.1405
725.82404
1499.5541
2037.7544
1520.0284
768.35266
775.849
1198.9618
2037.9004
1361.6693
1304.5707
1758.2617
952.45636
1630.1407
1593.8333
1763.734
547.52576
834.23114
1701.623
1770.6354
959.8967
1173.9222
1955.4894
1769.9756
1708.4277
1759.0045
1133.3418
600.0946
1929.0227
1489.6356
1223.7584
2325.9277
1498.8005
1760.2448
1275.883
1577.3713
1756.531
1834.6903
1797.4962
944.6467
1524.6312
1391.1111
1504.407
1854.1707
1500.7002
1784.7974
1372.5638
1738.2548
901.6976
724.2106
1227.5393
1355.5437
1814.6512
1209.496
1892.766
1299.5586
1446.1666
1498.7223
1279.8239
1449.5682
1303.242
1947.9427
1843.4982
1249.6998
861.6146
1141.6991
1383.6337
2099.8142
847.53406
1864.4496
1466.4219
2148.175
1482.0398
1922.0417
682.9907
1631.9108
1387.2826
1027.9655
1495.9098
1104.8389
1154.1914
1581.2272
1230.454
1751.1039
1543.6549
1193.9014
1674.801
1462.1033
1534.425
1400.5583
2257.4006
1534.0519
1350.269
1109.2307
1136.2886
1860.296
1603.0751
1555.1067
814.50836
1470.8098
1806.093
1631.6841
1836.7189
2116.0398
897.1743
1562.7383
1737.1655
1547.4353
883.4761
1821.2615
623.5966
1514.9248
1593.438
1534.6794
1205.6923
773.6424
1117.728
1754.0002
1026.7949
1582.4946
1792.6704
1555.6631
1765.8102
1252.6145
1888.4672
1616.867
1627.9652
1726.9034
369.7765
1299.5566
1095.975
1792.8685
1814.256
490.93787
1145.4103
1330.7178
1767.2185
1924.0452
1372.8009
1866.2456
1889.249
978.7204
1552.1506
1924.117
1509.666
1570.6598
1494.984
1288.0276
1887.2758
1440.1906
1332.1143
1315.9585
1839.917
1330.04
709.48376
1369.0836
1851.0858
931.8479
1395.7634
1604.2413
1319.8899
1513.1449
919.48315
777.7323
1686.7579
1660.3324
1224.3634
1123.1855
1914.5148
1547.911
1915.0203
600.83044
1573.1553
804.4327
1245.8699
1353.6161
839.47345
968.1692
1508.3552
832.9641
1860.8258
1322.1902
1325.2892
1827.8591
1324.2607
1351.2139
1601.4807
1367.6074
1291.5468
1288.647
1398.3319
1681.5145
925.18317
844.53455
944.6241
574.47235
2172.4583
1772.9556
1320.9508
1231.8206
497.81293
1292.1014
1355.1229
1401.1661
1222.404
2196.3025
1226.3783
1352.7135
1432.3801
1792.6317
1793.9031
1569.772
1740.7815
1407.2588
1785.893
1861.8102
1480.8839
1471.4012
1510.3732
787.33875
1678.8655
1300.7902
1095.9094
1830.9594
1948.9602
1853.7612
1195.9044
1638.6132
855.2366
860.1356
1842.7192
1229.1476
1671.8729
378.00897
1420.1056
1741.3197
899.2039
1615.5292
1664.4493
1926.6833
250.16922
1352.9397
2028.0525
1981.6805
673.44885
1310.6775
1587.5691
1789.7526
1712.2264
1965.2717
1365.9485
1516.2886
822.6587
1429.8792
1115.4143
768.9857
1391.3455
223.34732
1961.4196
663.4829
747.38617
1562.5493
1335.3925
2192.3306
1278.6288
1890.804
1977.1484
864.8751
1860.5085
1559.4258
2068.1577
778.40564
719.4605
1635.8931
1648.7496
1619.4792
626.95856
1687.0382
2183.5286
1207.6802
1150.7399
654.40607
1786.8165
1765.8394
1609.8596
2025.8384
1656.2081
1529.1821
638.2914
1198.9072
1765.2239
2012.7578
1701.5005
1859.3896
765.07446
1632.0626
1405.0933
1935.0973
1324.1298
1361.6033
1626.4412
1539.626
742.97705
1843.1547
1327.2405
1507.0316
1841.1024
1330.9929
1347.117
1511.1525
1980.6149
804.1832
834.54877
1960.0309
1786.9542
476.5561
1559.1257
1466.6252
1535.2384
1835.5173
1819.2765
1309.1772
1015.2761
1667.4692
1527.3298
1590.4288
789.8688
1461.8698
884.1188
1486.9512
1358.8141
1516.3627
1874.0847
1684.0597
925.53064
1641.5581
1481.3169
1194.4807
1383.5813
1833.6829
1727.6364
1608.9062
1775.8889
1454.6732
1967.5168
1654.4747
1849.3783
1817.647
1284.4382
1352.1769
1573.6304
1248.0553
1701.7732
1703.5322
1798.482
1520.9872
1791.3583
1924.5997
588.3682
1349.0245
693.4413
1750.3458
1521.9951
1639.673
1414.6322
735.3995
1355.6449
1338.2126
1456.4337
1282.2214
1778.7922
1947.1816
1187.2006
2009.32
685.19946
1551.9375
978.10016
1627.5737
1194.1957
1214.1301
1499.4893
1296.649
1170.9955
677.0455
1430.268
1479.0918
1520.714
1817.6349
1716.2491
1469.1354
1781.0045
1782.5204
1521.6989
1550.9528
1412.594
1171.5605
1480.761
1971.1088
1035.8022
947.47864
1879.217
740.3589
1844.558
1547.5232
1523.7603
1411.5144
1707.7053
1387.7767
1878.7874
1801.1559
947.8786
1789.3014
1177.7946
809.5086
1388.3746
963.0324
1845.891
1853.3395
1526.2059
1494.2529
1631.7023
304.49777
1638.2545
1214.1299
1090.7252
1740.1896
1009.60944
753.4953
1778.7621
954.0848
1321.1212
1702.7798
830.9156
1452.2742
682.8501
784.9955
1500.1951
1821.9556
1127.5474
1611.895
1556.1848
1260.2261
1929.7886
1661.505
1630.1332
1532.0881
1446.5626
1431.8447
780.37976
1749.208
1896.5596
765.162
775.3531
992.5445
1683.0624
1834.603
1124.5339
1946.0686
1277.306
1171.1521
1932.5173
890.4214
1959.2075
802.38776
1413.0903
1529.7322
889.469
1810.0568
1300.6714
1188.0596
1712.1324
1298.653
927.28815
1800.3638
1982.0427
1561.7723
1627.5042
1208.6982
1181.4825
1380.3068
1650.8901
1318.0057
1965.2275
1619.8735
1372.0908
1232.632
840.61847
1815.917
1613.4943
1082.7838
1440.8612
1906.6322
2184.8357
691.9396
1802.205
1712.9371
815.0736
249.46695
1540.398
1440.8163
1395.9829
1087.2992
905.9959
1621.1044
1714.156
1510.0494
1739.8689
1638.7621
1497.3422
963.75055
1378.1016
1047.55
1256.2319
1277.9521
1111.5509
1110.2683
606.86774
1004.7669
1802.8672
2075.9272
1732.8456
1832.7218
1229.5496
1577.2299
1670.6436
1120.3754
1365.3773
1896.174
1140.6299
1687.8019
1676.619
2021.1132
1565.6326
1422.3682
1416.9675
1994.0791
968.48804
867.999
1453.0883
1475.9535
1014.10455
981.92523
1071.2017
1248.5492
1820.5199
1450.3699
1291.3358
1822.911
1740.115
1607.5935
301.82556
388.95575
1938.1149
1675.8083
952.5723
1846.7349
887.76624
1073.7058
734.40564
1628.0508
1232.9575
2028.9985
866.8645
1574.832
1420.3541
683.7908
1904.1288
1179.9812
702.84875
1332.456
1737.6302
1601.2256
1332.9304
1890.0688
1542.8242
553.9095
1771.8937
2147.094
1431.7789
2189.9614
1148.0686
2145.5742
1181.2509
1696.1917
896.6045
1473.1606
836.5942
1190.4012
1371.0316
1475.545
1338.773
1469.3838
825.8841
768.7122
1511.097
1193.2565
1925.8303
1910.3783
1585.7684
730.084
1334.8492
1108.6311
779.67426
1684.2654
786.2974
1478.4363
1336.1921
1443.8069
1479.472
1694.1958
940.06213
959.7616
1831.1455
1381.1061
1920.4082
872.27423
811.43384
1830.0917
1122.0323
1281.0862
1561.3448
1622.1846
1277.2213
152.62709
1811.0839
1288.2845
1991.6367
1285.8055
1543.039
1261.6052
1918.5155
1716.6287
1678.9633
1630.4109
1694.4381
723.38196
1911.2864
1506.3464
1515.031
1817.9653
1782.3448
1471.4341
1346.4764
1869.5774
1705.7919
1132.0514
1728.1877
1275.5481
1022.406
815.24493
1263.8597
1954.5123
1108.0697
942.36224
1613.0607
759.70355
1552.4434
1328.4078
1130.8202
1500.7728
1520.0671
1402.7323
1123.5868
1734.7058
1166.3588
1164.7733
1101.9219
1537.4406
1555.7106
1534.693
841.21173
1362.6713
901.4037
1788.781
1267.9407
1635.9993
1049.5073
2166.8816
1796.1425
1264.8793
1895.5837
1224.4766
1735.2766
1437.014
1185.489
1315.5135
1522.8768
1349.1836
686.7307
1608.9083
1449.4111
991.44385
2045.7092
1242.7876
1857.6641
1078.4362
1456.2238
1208.2777
1884.6628
1546.3687
1869.9055
1589.6923
1523.0188
1726.601
777.3344
1651.0608
782.3722
1413.4406
1043.7244
1253.3492
1103.3281
2022.5225
1789.6158
1592.5461
1222.6135
1096.9266
1440.6556
2071.917
1795.0383
599.6409
1178.3751
1118.8927
1576.391
1500.6989
1536.4653
1564.1531
1464.1323
231.55728
1564.1064
1774.0898
1375.1436
1671.8754
1109.9819
1835.1991
1764.1292
1213.6879
546.0551
2188.369
1145.0261
1844.7373
1710.4379
1396.1166
2005.3082
1228.6345
1733.219
1801.2125
535.30945
1407.1787
298.5718
1792.9257
885.3293
942.48975
1834.4199
1844.7825
803.22125
1445.5946
1560.2828
1961.4662
1706.9976
287.9724
1599.2667
1128.1516
1914.9539
1286.4431
2022.1359
1959.0886
2047.2487
1486.5424
1688.7565
1187.0392
1457.9005
657.4077
1728.817
1527.8115
960.11365
1127.636
1696.1549
1375.4281
1830.3241
294.61075
1724.3488
1734.9104
973.5683
1167.9705
838.05695
1514.9182
1268.8176
1235.3928
1278.5879
1149.0887
1602.3947
1507.4238
1139.1633
1415.8508
1594.6997
1380.217
1568.8785
1421.0392
1797.3773
1845.0955
1189.3512
1190.6165
1034.6836
1600.0685
842.1969
620.61926
1260.0181
801.1943
1813.9078
1384.0105
875.96954
1943.1073
1077.7557
1877.1187
1259.6647
1231.6001
1354.2267
745.5131
1262.8104
1290.7373
1374.4841
1841.1124
813.56805
1324.0618
1500.6656
1708.8451
620.8167
1394.1096
1389.7799
907.7007
1951.1383
1824.4092
950.93616
1375.2041
1288.212
1663.751
1634.7043
1374.9171
1192.1246
819.46454
2119.6528
1212.8391
2162.5198
1118.6627
900.4336
1936.2909
1364.7559
1518.0664
1258.0355
1441.8685
1520.5898
1285.6327
1281.7167
838.55585
1369.1501
1378.0717
1315.9835
1503.0939
785.8693
1401.9423
1106.5463
1328.0944
1363.9708
1657.0746
1927.3488
1609.0741
1186.4315
1922.8716
961.5303
1654.5251
1248.7936
1609.0984
1168.282
1226.1398
1590.8995
1651.5964
1777.9203
823.0339
1252.3469
2103.8176
1730.1577
1686.3684
1283.083
1917.5469
1791.0668
2070.7827
1581.4915
1367.1073
1564.3468
1799.9777
1458.1617
1170.1909
1419.874
1496.1743
1349.427
637.29144
1162.9695
1857.4932
1289.0607
1557.6157
1896.3649
1822.2301
1570.383
859.71326
1580.9497
1823.9631
378.7351
1459.7278
1382.0201
1597.105
1666.5408
1130.3591
1396.2524
734.3295
541.14044
1341.471
1463.1184
2021.2755
1879.4371
1781.3827
1322.7217
1687.4186
1734.8441
1969.5605
892.9929
1766.6232
613.59674
941.5084
1081.1132
1551.3461
1018.4665
1598.0864
1243.628
1605.8258
1542.8488
1839.9302
1398.3992
1405.9934
1689.058
1353.9877
1549.2782
1892.0197
1646.6798
1080.7808
1277.4995
1716.8826
1096.4115
1391.7295
885.6246
924.3038
1598.1691
1805.7368
1012.157
830.10455
1213.8221
1703.1652
1361.4806
1185.8114
969.33966
1834.8627
1574.2639
1562.16
1648.7511
1495.0164
1085.8124
751.3416
1343.9437
904.7573
984.58636
1815.5323
1976.0955
1345.6658
2002.9493
919.461
1155.8427
1041.6671
888.9556
1128.239
1287.8787
1574.6425
1487.6683
800.4691
1512.1434
1814.0902
1473.3972
1324.5168
1711.913
1494.665
1955.2052
1249.3853
817.7796
1363.009
1689.5985
1247.1246
1227.35
1575.276
1216.9543
556.20465
1683.7567
1617.2784
879.7283
1231.2501
1151.8629
916.95325
1648.1224
1557.9316
1066.9646
1139.9248
1610.5271
1650.0801
1690.1942
1896.2032
1490.6593
1287.427
1737.3691
1749.2587
1651.7502
1932.2523
1881.5409
1556.3018
1710.0416
1218.757
1533.3185
1287.7107
1199.057
1757.5986
1296.5587
1194.613
1672.4519
669.69415
1823.231
1208.4617
1044.4226
1003.1358
1973.176
1620.2544
1518.0863
1691.2993
1424.9696
1631.8103
832.9611
1419.9932
891.5588
1494.0258
1729.7219
1020.14606
1464.3185
1466.8164
1010.46375
1241.0509
835.46185
1527.2842
1827.7844
1003.0675
1271.867
758.59766
1660.032
557.5623
1033.559
860.8205
1436.461
1542.2888
2191.424
2163.3584
1377.9442
1865.968
747.6182
952.8717
1896.552
1571.1597
917.0261
1469.4537
1520.4546
1187.5023
1942.7394
1526.9731
1091.6298
2165.926
2172.0332
2056.2646
1661.4963
1570.1666
768.694
1555.4266
1200.3086
1544.639
1511.3995
1012.8351
559.1956
1930.2084
1426.9548
839.6958
1248.0695
1641.673
1237.6471
1616.5695
1761.9722
1045.3877
800.21625
1225.1592
1701.8036
685.7026
644.9783
697.7118
1847.6338
1647.4761
1376.7112
1838.7495
1300.8623
1904.1279
1582.8254
1440.1902
1621.6555
1952.6614
1515.5287
1352.7118
1537.1078
902.67993
692.2477
1534.2733
1603.3699
1521.7235
1602.6677
905.13605
1795.2838
1814.6359
1636.1632
1973.7708
1565.2968
1720.935
1433.864
2157.1165
1759.4001
1230.0107
778.2627
810.60925
1724.7164
1013.0982
1739.7463
1720.4813
1470.3407
1244.6201
1412.1088
1416.1508
1539.0804
835.69196
1285.7388
1819.2244
780.2061
1611.5394
1016.1342
1604.2018
1548.0834
1143.8113
770.0364
1514.8481
1361.3335
1344.5896
1512.8052
1327.5063
1751.5242
1190.5411
1438.0256
1452.7122
1865.1995
959.26355
1800.7107
1695.9529
1573.6965
539.69446
589.44653
1817.2467
1124.0092
889.2976
1571.8875
950.65674
1652.4498
1728.482
1644.9025
1831.686
1639.3156
1506.4033
1874.685
1871.1389
1264.8226
1465.5316
1477.969
1606.0537
1210.4486
1139.0431
1522.417
1442.5276
1207.1385
1643.5948
1673.6257
1132.4438
1585.7069
1722.8381
623.21826
697.2341
1721.2252
1437.8665
1423.9956
1735.2269
1641.3488
1203.2233
1023.38983
1639.3502
1433.5469
996.131
1894.4391
1454.35
1805.956
1490.7122
1794.9518
1083.7604
1471.9905
1729.8141
1713.8273
2196.5432
1025.1471
630.78687
1312.0027
1416.55
974.3836
716.589
1691.8176
1212.705
1755.7211
1189.9701
1723.6388
1847.1794
1703.9674
920.1856
1490.4517
1599.9476
1109.3048
683.5221
645.64
1195.733
1768.2917
1744.3729
677.5375
1312.6052
1430.7714
1702.9534
1560.65
1930.6113
1961.0538
1880.4124
1472.8341
1978.7911
964.3828
1133.3324
476.17502
1706.497
1537.7373
1326.1515
1514.4619
1599.6191
2181.016
1828.3546
1702.4614
1445.1218
1363.1569
1463.6101
1572.7242
1947.8265
1941.9393
1384.9894
765.0109
1636.702
1271.2736
1312.0203
1411.1033
1489.8613
1871.4965
1045.4926
933.9431
1210.8453
377.62152
1628.7878
1561.555
1539.6481
1480.7336
852.9916
1154.8224
1331.2991
1038.4658
494.60422
1569.5463
867.60724
1600.932
936.02234
1830.8674
970.3052
1889.849
1829.9421
1732.4292
1610.9852
1893.8455
1309.4916
1837.5148
432.30618
1135.469
2180.1895
1071.4578
1275.463
1521.6189
1560.9055
387.16946
1531.8865
1491.2173
1354.5951
1792.8212
1870.9707
317.7534
1526.8442
494.43088
1621.7802
1387.743
1641.535
1458.5918
1787.3142
1989.0956
516.4156
234.21852
1386.8755
1117.1403
1201.0273
1223.2931
916.46484
1754.6234
874.3148
1836.9213
1517.0978
783.446
801.9791
1268.3545
1677.1782
1732.9105
764.13135
1618.1034
1550.9263
1167.8427
555.8974
789.9541
1530.8748
1282.8785
1039.6677
1458.8849
873.4778
1648.4415
652.0849
1253.5671
1748.839
1562.448
2060.398
1610.7979
1498.0236
899.5001
1761.8752
830.1601
1616.3063
1164.994
1623.9512
1322.2076
1275.3347
1514.7095
1582.7994
1579.9515
1469.4131
1939.4202
1770.3271
1783.3027
847.4249
1792.5626
1347.46
1526.822
1940.855
1647.6719
1733.4928
812.24316
1226.8447
1174.9712
1873.862
1431.998
1795.7235
1595.2498
775.0097
1555.6157
1666.1923
1824.7089
1106.8909
991.67053
787.31525
1494.5475
2207.4258
1034.949
1811.7529
1632.4606
1248.2468
711.56055
1713.6329
823.09515
1429.7662
615.93146
1130.2047
1196.1063
1231.0283
1785.6414
2040.0203
939.4353
1775.4264
840.6306
681.5101
1419.6022
1174.1099
689.8184
1565.7953
1833.7607
1223.4904
1522.7001
1141.5432
1301.0785
1533.1058
1498.9556
1170.2551
1262.866
1397.5991
396.6531
622.4597
1553.4668
1213.3518
1160.2463
1153.6873
1374.0305
876.8456
919.07983
1836.1616
784.94965
862.0216
1508.5773
1613.9485
1619.0696
1101.8599
1576.9471
1573.8279
1661.1874
1441.3292
1903.8864
1418.4225
1636.6631
1787.2377
988.10626
1753.8977
1556.3739
1844.4128
1353.2584
1179.2668
1747.9856
1446.4196
1813.5273
1968.4358
1855.2872
1882.8447
1660.0914
1257.5708
1589.1063
1722.087
1163.452
1237.7622
1118.0575
1672.6213
1975.3383
1814.779
1955.2257
1399.1927
997.1218
1428.1959
1706.4801
1623.7051
1754.6853
647.65015
1505.1442
396.32773
1372.1613
1935.7263
1521.4104
1570.3275
1047.4458
910.5242
1692.1465
1386.5896
1279.4108
1506.2445
1278.1339
1943.457
1634.5228
605.1732
1224.0306
1717.3779
1339.4642
1292.118
1504.5387
1404.8883
1052.0681
717.2151
523.3469
1724.229
895.22394
1714.6233
1853.072
1579.5419
1590.0732
1978.9294
801.6414
1400.5857
1524.7277
1379.2085
1251.3545
814.91223
1834.7487
1581.8063
1469.41
496.28528
1147.1959
1585.2725
1578.9023
971.7011
1887.9064
830.5375
837.1308
1461.5858
1323.0022
1780.6729
929.95905
782.17596
1718.0471
2198.262
1685.1293
1385.1412
1113.3525
649.34314
1762.9103
1423.77
1714.8633
403.27484
1724.9133
1800.1842
1719.9497
1564.7645
1847.2593
912.5316
824.2386
1764.2543
1664.7415
1611.5477
1426.9547
1074.6063
1392.782
1057.5178
937.719
1962.4979
991.8748
1355.2987
1424.2567
1123.3022
1141.3646
1570.8893
1918.8545
1350.388
541.2953
1463.8417
1093.4642
1594.7036
1535.7688
1235.5198
1729.66
1521.8174
1535.2593
1957.1515
1397.5388
1128.2059
1444.3907
2172.59
1265.5118
1373.0988
1489.2872
1015.8445
1324.9534
1428.713
1065.6477
1552.9093
772.02545
1461.7589
1044.4226
1171.6478
1528.9927
733.41644
1370.4474
1971.1101
811.70624
2174.4795
932.4666
1165.3905
991.9458
1619.8099
1804.382
1287.682
1493.8528
1303.6217
1013.3724
794.7898
1831.3898
1221.41
1889.6804
1643.6501
1760.6521
983.7824
1277.9209
1467.2273
1810.4141
1218.5585
1323.3389
1673.9202
775.5922
1901.469
1935.0575
1900.9888
1822.8932
1757.0736
1084.2063
1695.8384
247.3699
1425.5809
1125.479
1377.4084
849.39386
2167.8628
1319.2397
1406.7428
909.4153
1927.6929
990.99146
134.0597
900.16693
1002.0293
1894.2872
2012.1552
1779.2277
1556.9196
1872.4448
1272.0195
1571.1597
1060.1322
1274.0212
1508.3954
894.4173
895.35645
1751.388
1223.1802
719.87885
1429.3698
1776.7899
1400.4712
1672.765
1901.7992
1241.2786
1949.6165
1664.9276
1551.9097
1695.07
1405.1744
1125.2028
846.0591
1038.4039
597.7637
1627.9036
1665.6666
1677.745
1485.344
1252.9972
1394.3921
1333.1304
606.1856
1786.7533
1641.4637
1487.5461
1839.8743
1588.6885
1366.125
2207.8337
818.2774
1293.6115
719.2176
1614.8917
1414.2341
993.4504
1238.5176
1821.3097
1741.5753
1643.2048
1375.2671
785.7572
2031.9285
940.8874
1449.4111
1431.2185
1210.9368
1513.9756
1340.1569
1413.2433
1170.7324
904.9854
1982.7173
1587.5745
702.68665
1792.0847
1372.634
1580.7493
549.5971
1709.1453
1515.1362
507.99786
1139.3546
1442.5289
298.31552
1321.5286
1275.6847
1424.3877
1701.3512
1419.7437
1250.7283
1719.4899
2217.7449
678.85065
1589.9136
702.56506
1641.7618
1420.9873
1188.6492
1935.9023
1591.7344
1814.0317
1488.4851
1404.281
1876.5078
1100.7562
1783.3917
1470.7794
1291.9653
1226.1653
1687.1013
488.94186
1045.8948
957.5332
938.0921
1773.2767
798.7427
1050.459
1864.206
1511.0417
1246.6536
380.5556
1303.3353
1080.1736
968.8095
1125.3849
828.8791
1629.439
1662.2649
1888.7654
1353.4204
1745.3049
814.6409
1557.677
1486.5365
1599.2046
1499.6842
2315.5715
1270.7413
1525.6671
1408.1025
1332.5143
2060.235
1881.7212
1516.2549
970.79553
1702.0458
842.6631
1435.064
846.964
1853.2893
1530.365
1280.6819
1495.994
1694.3113
2123.6987
1642.8364
215.34033
1544.0725
1736.2765
1328.1439
1106.022
1444.8462
1556.5332
1097.6127
921.66235
1927.2477
1621.226
1567.2996
2019.0514
1931.2078
1577.3778
1326.1567
1589.7081
1642.1816
1385.3645
393.00006
1594.9923
1796.0829
1237.5739
1143.2124
1717.302
661.8343
597.4374
635.76025
1823.4109
1291.432
